zeros:
  ptu_panner: 1.2220795422464295
  ptu_tilter: -1.0995574287564276
